0 0 -0
0 0 -0
0 0 -0
0 0 -0
0 0 -0
0 0 -0
0 0 -0
0 0 -0
0 0 -0
0 0 -0
0 0 -0
0 0 -0
0 0 -0
0 0 -0
0 0 -0
0 0 -0
0 0 -0
0 0 -0
0 0 -0
0 0 -0
0 0 -0
0 0 -0
0 0 -0
0 0 -0
0 0 -0
0 0 -0
0 0 -0
0 0 -0
0 0 -0
0 0 -0
0 0 -0
0 0 -0
0 0 -0
0 0 -0
0 0 -0
0 0 -0
0 0 -0
0 0 -0
0 0 -0
0 0 -0
0 0 -0
0 0 -0
0 0 -0
0 0 -0
0 0 -0
0 0 -0
0 0 -0
0 0 -0
0 0 -0
0 0 -0
0 0 -0
0 0 -0
0 0 -0
0 0 -0
0 0 -0
0 0 -0
0 0 -0
-4.50466e-05 -7.43284e-06 -4.92041e-06
-3.56635e-05 -6.07767e-07 -9.58824e-06
-1.1318e-05 1.29359e-05 -1.74055e-05
8.66041e-06 2.57048e-05 -2.5687e-05
3.97502e-05 4.44608e-05 -3.6925e-05
0.000247906 0.000243941 -0.0001214
0.000213808 0.000132755 0.000184741
0.000102683 -2.05509e-05 8.82713e-05
-9.81973e-06 -0.000134054 5.51067e-05
-3.50686e-05 -0.000152199 3.54029e-05
-3.50686e-05 -0.000152199 3.54029e-05
-3.50686e-05 -0.000152199 3.54029e-05
-1.35851e-05 -2.0093e-05 1.61969e-05
-1.35851e-05 -2.0093e-05 1.61969e-05
-1.35851e-05 -2.0093e-05 1.61969e-05
-1.35851e-05 -2.0093e-05 1.61969e-05
-1.35851e-05 -2.0093e-05 1.61969e-05
-1.35851e-05 -2.0093e-05 1.61969e-05
-1.35851e-05 -2.0093e-05 1.61969e-05
-1.35851e-05 -2.0093e-05 1.61969e-05
-1.35851e-05 -2.0093e-05 1.61969e-05
-1.35851e-05 -2.0093e-05 1.61969e-05
-1.35851e-05 -2.0093e-05 1.61969e-05
-1.35851e-05 -2.0093e-05 1.61969e-05
-0.000203134 -0.000222088 2.23773e-05
-0.000189504 -0.000203124 9.95241e-06
-0.000189504 -0.000203124 9.95241e-06
-0.000189504 -0.000203124 9.95241e-06
-0.000189504 -0.000203124 9.95241e-06
-0.000189504 -0.000203124 9.95241e-06
-0.000189504 -0.000203124 9.95241e-06
-0.000189504 -0.000203124 9.95241e-06
-0.000189504 -0.000203124 9.95241e-06
-0.000189504 -0.000203124 9.95241e-06
-0.000189504 -0.000203124 9.95241e-06
-0.000189504 -0.000203124 9.95241e-06
-0.000189504 -0.000203124 9.95241e-06
-0.000189504 -0.000203124 9.95241e-06
-0.000189504 -0.000203124 9.95241e-06
0.0230866 0.0170047 0.0470185
0.0230866 0.0170047 0.0470185
0.0230866 0.0170047 0.0470185
0.0230866 0.0170047 0.0470185
0.0230866 0.0170047 0.0470185
0.0230866 0.0170047 0.0470185
0.0230866 0.0170047 0.0470185
0.0230866 0.0170047 0.0470185
0.0230866 0.0170047 0.0470185
0.0230866 0.0170047 0.0470185
0.0230866 0.0170047 0.0470185
-0.00985594 -0.048491 -0.00510247
-0.00985594 -0.048491 -0.00510247
-0.00985594 -0.048491 -0.00510247
-0.00985594 -0.048491 -0.00510247
-0.00985594 -0.048491 -0.00510247
-0.00985594 -0.048491 -0.00510247
-0.00985594 -0.048491 -0.00510247
-0.00985594 -0.048491 -0.00510247
-0.00985594 -0.048491 -0.00510247
-0.00985594 -0.048491 -0.00510247
-0.00985594 -0.048491 -0.00510247
-0.00985594 -0.048491 -0.00510247
-0.00985594 -0.048491 -0.00510247
-0.00985594 -0.048491 -0.00510247
-0.00327409 -0.0413952 -0.000989006
-0.00327409 -0.0413952 -0.000989006
-0.00327409 -0.0413952 -0.000989006
-0.00327409 -0.0413952 -0.000989006
-0.00327409 -0.0413952 -0.000989006
-0.00327409 -0.0413952 -0.000989006
-0.00327409 -0.0413952 -0.000989006
-0.00327409 -0.0413952 -0.000989006
-0.00327409 -0.0413952 -0.000989006
-0.00327409 -0.0413952 -0.000989006
-0.00327409 -0.0413952 -0.000989006
-0.00327409 -0.0413952 -0.000989006
0.0162433 0.00366652 0.00778943
0.0162742 0.00481813 0.00666846
0.0162742 0.00481813 0.00666846
0.0162742 0.00481813 0.00666846
0.0162742 0.00481813 0.00666846
0.0162742 0.00481813 0.00666846
0.0162742 0.00481813 0.00666846
0.0162742 0.00481813 0.00666846
0.0162742 0.00481813 0.00666846
0.0162742 0.00481813 0.00666846
0.0162742 0.00481813 0.00666846
0.0162742 0.00481813 0.00666846
0.0162742 0.00481813 0.00666846
0.0162742 0.00481813 0.00666846
0.0162742 0.00481813 0.00666846
0.0162742 0.00481813 0.00666846
0.0215837 0.0242275 0.0105147
0.0215837 0.0242275 0.0105147
0.0215837 0.0242275 0.0105147
0.0215837 0.0242275 0.0105147
0.0215837 0.0242275 0.0105147
0.0215837 0.0242275 0.0105147
0.0215837 0.0242275 0.0105147
0.0215837 0.0242275 0.0105147
0.0215837 0.0242275 0.0105147
0.0215837 0.0242275 0.0105147
0.0215837 0.0242275 0.0105147
0.0215837 0.0242275 0.0105147
0.00769937 0.0112753 0.00887361
0.00769937 0.0112753 0.00887361
0.00769937 0.0112753 0.00887361
0.00769937 0.0112753 0.00887361
0.00769937 0.0112753 0.00887361
0.00769937 0.0112753 0.00887361
0.00769937 0.0112753 0.00887361
0.00769937 0.0112753 0.00887361
0.00769937 0.0112753 0.00887361
0.00769937 0.0112753 0.00887361
0.00769937 0.0112753 0.00887361
-0.00721604 -0.0150662 0.00608289
-0.00795227 -0.0167525 0.0048914
-0.00795227 -0.0167525 0.0048914
-0.00795227 -0.0167525 0.0048914
-0.00795227 -0.0167525 0.0048914
-0.00795227 -0.0167525 0.0048914
-0.00795227 -0.0167525 0.0048914
-0.00795227 -0.0167525 0.0048914
-0.00795227 -0.0167525 0.0048914
-0.00795227 -0.0167525 0.0048914
-0.00795227 -0.0167525 0.0048914
-0.00795227 -0.0167525 0.0048914
-0.00795227 -0.0167525 0.0048914
-0.0129015 -0.0316861 0.00441175
-0.0129015 -0.0316861 0.00441175
-0.0129015 -0.0316861 0.00441175
-0.0129015 -0.0316861 0.00441175
-0.0129015 -0.0316861 0.00441175
-0.0129015 -0.0316861 0.00441175
-0.0129015 -0.0316861 0.00441175
-0.0129015 -0.0316861 0.00441175
-0.0129015 -0.0316861 0.00441175
-0.0129015 -0.0316861 0.00441175
-0.0129015 -0.0316861 0.00441175
-0.0129015 -0.0316861 0.00441175
-0.0129015 -0.0316861 0.00441175
-0.0129015 -0.0316861 0.00441175
0.00229695 -0.0161105 0.00878268
0.00229695 -0.0161105 0.00878268
0.00229695 -0.0161105 0.00878268
0.00229695 -0.0161105 0.00878268
0.00229695 -0.0161105 0.00878268
0.00229695 -0.0161105 0.00878268
0.00229695 -0.0161105 0.00878268
0.00229695 -0.0161105 0.00878268
0.00229695 -0.0161105 0.00878268
0.00229695 -0.0161105 0.00878268
0.00229695 -0.0161105 0.00878268
0.0128203 -0.00248098 0.00777574
0.0125633 -0.00252518 0.00657094
0.0125633 -0.00252518 0.00657094
0.0125633 -0.00252518 0.00657094
0.0125633 -0.00252518 0.00657094
0.0125633 -0.00252518 0.00657094
0.0125633 -0.00252518 0.00657094
0.0125633 -0.00252518 0.00657094
0.0125633 -0.00252518 0.00657094
0.0125633 -0.00252518 0.00657094
0.0125633 -0.00252518 0.00657094
0.0125633 -0.00252518 0.00657094
0.0125633 -0.00252518 0.00657094
0.0125633 -0.00252518 0.00657094
0.0125633 -0.00252518 0.00657094
0.0130671 0.00188727 0.00859914
0.0130671 0.00188727 0.00859914
0.0130671 0.00188727 0.00859914
0.0130671 0.00188727 0.00859914
0.0130671 0.00188727 0.00859914
0.0130671 0.00188727 0.00859914
0.0130671 0.00188727 0.00859914
0.0130671 0.00188727 0.00859914
0.0130671 0.00188727 0.00859914
0.0130671 0.00188727 0.00859914
0.0130671 0.00188727 0.00859914
0.0130671 0.00188727 0.00859914
0.00565397 -0.00618932 0.00873253
0.00457911 -0.00744037 0.00763278
0.00457911 -0.00744037 0.00763278
0.00457911 -0.00744037 0.00763278
0.00457911 -0.00744037 0.00763278
0.00457911 -0.00744037 0.00763278
0.00457911 -0.00744037 0.00763278
0.00457911 -0.00744037 0.00763278
0.00457911 -0.00744037 0.00763278
0.00457911 -0.00744037 0.00763278
0.00457911 -0.00744037 0.00763278
0.00457911 -0.00744037 0.00763278
0.00457911 -0.00744037 0.00763278
0.00457911 -0.00744037 0.00763278
0.00457911 -0.00744037 0.00763278
0.00457911 -0.00744037 0.00763278
0.000361048 -0.015519 0.0087171
0.000361048 -0.015519 0.0087171
0.000361048 -0.015519 0.0087171
0.000361048 -0.015519 0.0087171
0.000361048 -0.015519 0.0087171
0.000361048 -0.015519 0.0087171
0.000361048 -0.015519 0.0087171
0.000361048 -0.015519 0.0087171
0.000361048 -0.015519 0.0087171
0.000361048 -0.015519 0.0087171
0.000361048 -0.015519 0.0087171
0.000361048 -0.015519 0.0087171
0.00167527 -0.0161932 0.00714648
0.00167527 -0.0161932 0.00714648
0.00209496 -0.0157934 0.0075878
0.00209496 -0.0157934 0.0075878
0.00209496 -0.0157934 0.0075878
0.00209496 -0.0157934 0.0075878
0.00209496 -0.0157934 0.0075878
0.00209496 -0.0157934 0.0075878
0.00209496 -0.0157934 0.0075878
0.00209496 -0.0157934 0.0075878
0.00209496 -0.0157934 0.0075878
0.00209496 -0.0157934 0.0075878
0.00209496 -0.0157934 0.0075878
0.00209496 -0.0157934 0.0075878
0.00209496 -0.0157934 0.0075878
0.00209496 -0.0157934 0.0075878
0.00723317 -0.00895504 0.00790605
0.00723317 -0.00895504 0.00790605
0.00723317 -0.00895504 0.00790605
0.00723317 -0.00895504 0.00790605
0.00723317 -0.00895504 0.00790605
0.00723317 -0.00895504 0.00790605
0.00723317 -0.00895504 0.00790605
0.00723317 -0.00895504 0.00790605
0.00723317 -0.00895504 0.00790605
0.00723317 -0.00895504 0.00790605
0.00723317 -0.00895504 0.00790605
0.00723317 -0.00895504 0.00790605
0.00723317 -0.00895504 0.00790605
0.00723317 -0.00895504 0.00790605
0.00863192 -0.0057865 0.0092585
0.00863192 -0.0057865 0.0092585
0.00863192 -0.0057865 0.0092585
0.00863192 -0.0057865 0.0092585
0.00863192 -0.0057865 0.0092585
0.00863192 -0.0057865 0.0092585
0.00863192 -0.0057865 0.0092585
0.00863192 -0.0057865 0.0092585
0.00863192 -0.0057865 0.0092585
0.00863192 -0.0057865 0.0092585
0.00863192 -0.0057865 0.0092585
0.00863192 -0.0057865 0.0092585
0.00863192 -0.0057865 0.0092585
0.00863192 -0.0057865 0.0092585
0.0065318 -0.00847992 0.00927839
0.0065318 -0.00847992 0.00927839
0.0065318 -0.00847992 0.00927839
0.0065318 -0.00847992 0.00927839
0.0065318 -0.00847992 0.00927839
0.0065318 -0.00847992 0.00927839
0.0065318 -0.00847992 0.00927839
0.0065318 -0.00847992 0.00927839
0.0065318 -0.00847992 0.00927839
0.0065318 -0.00847992 0.00927839
0.0065318 -0.00847992 0.00927839
0.0065318 -0.00847992 0.00927839
0.0020017 -0.011384 0.00591529
0.0020017 -0.011384 0.00591529
0.0020017 -0.011384 0.00591529
0.0020017 -0.011384 0.00591529
0.0020017 -0.011384 0.00591529
0.0020017 -0.011384 0.00591529
0.0020017 -0.011384 0.00591529
0.0020017 -0.011384 0.00591529
0.0020017 -0.011384 0.00591529
0.0020017 -0.011384 0.00591529
0.0020017 -0.011384 0.00591529
0.0020017 -0.011384 0.00591529
0.0020017 -0.011384 0.00591529
0.00338387 -0.00830983 0.00758064
0.00395908 -0.00782558 0.00829881
0.00395908 -0.00782558 0.00829881
0.00395908 -0.00782558 0.00829881
0.00395908 -0.00782558 0.00829881
0.00395908 -0.00782558 0.00829881
0.00395908 -0.00782558 0.00829881
0.00395908 -0.00782558 0.00829881
0.00395908 -0.00782558 0.00829881
0.00395908 -0.00782558 0.00829881
0.00395908 -0.00782558 0.00829881
0.00395908 -0.00782558 0.00829881
0.00395908 -0.00782558 0.00829881
0.00395908 -0.00782558 0.00829881
0.00371227 -0.00718525 0.00415769
0.00589863 -0.0048872 0.00766521
0.00589863 -0.0048872 0.00766521
0.00589863 -0.0048872 0.00766521
0.00589863 -0.0048872 0.00766521
0.00589863 -0.0048872 0.00766521
0.00589863 -0.0048872 0.00766521
0.00589863 -0.0048872 0.00766521
0.00589863 -0.0048872 0.00766521
0.00589863 -0.0048872 0.00766521
0.00589863 -0.0048872 0.00766521
0.00589863 -0.0048872 0.00766521
0.00844946 -0.00312446 0.0079844
0.00844946 -0.00312446 0.0079844
0.00844946 -0.00312446 0.0079844
0.00844946 -0.00312446 0.0079844
0.00844946 -0.00312446 0.0079844
0.00844946 -0.00312446 0.0079844
0.00844946 -0.00312446 0.0079844
0.00844946 -0.00312446 0.0079844
0.00844946 -0.00312446 0.0079844
0.00844946 -0.00312446 0.0079844
0.00844946 -0.00312446 0.0079844
0.00844946 -0.00312446 0.0079844
0.00844946 -0.00312446 0.0079844
0.00844946 -0.00312446 0.0079844
0.00844946 -0.00312446 0.0079844
0.00823496 -0.0046466 0.00720296
0.00823496 -0.0046466 0.00720296
0.00823496 -0.0046466 0.00720296
0.00823496 -0.0046466 0.00720296
0.00823496 -0.0046466 0.00720296
0.00823496 -0.0046466 0.00720296
0.00823496 -0.0046466 0.00720296
0.00823496 -0.0046466 0.00720296
0.00823496 -0.0046466 0.00720296
0.00823496 -0.0046466 0.00720296
0.00823496 -0.0046466 0.00720296
0.00823496 -0.0046466 0.00720296
0.00823496 -0.0046466 0.00720296
0.00724361 -0.00799933 0.00807185
0.00723367 -0.00818116 0.00838625
0.00723367 -0.00818116 0.00838625
0.00723367 -0.00818116 0.00838625
0.00723367 -0.00818116 0.00838625
0.00723367 -0.00818116 0.00838625
0.00723367 -0.00818116 0.00838625
0.00723367 -0.00818116 0.00838625
0.00723367 -0.00818116 0.00838625
0.00723367 -0.00818116 0.00838625
0.00723367 -0.00818116 0.00838625
0.00723367 -0.00818116 0.00838625
0.00723367 -0.00818116 0.00838625
0.00723367 -0.00818116 0.00838625
0.00723367 -0.00818116 0.00838625
0.00542623 -0.0111801 0.00733516
0.00542623 -0.0111801 0.00733516
0.00542623 -0.0111801 0.00733516
0.00542623 -0.0111801 0.00733516
0.00542623 -0.0111801 0.00733516
0.00542623 -0.0111801 0.00733516
0.00542623 -0.0111801 0.00733516
0.00542623 -0.0111801 0.00733516
0.00542623 -0.0111801 0.00733516
0.00542623 -0.0111801 0.00733516
0.00542623 -0.0111801 0.00733516
0.00515602 -0.0117446 0.008425
0.00535479 -0.011526 0.00877003
0.00535479 -0.011526 0.00877003
0.00535479 -0.011526 0.00877003
0.00535479 -0.011526 0.00877003
0.00535479 -0.011526 0.00877003
0.00535479 -0.011526 0.00877003
0.00535479 -0.011526 0.00877003
0.00535479 -0.011526 0.00877003
0.00535479 -0.011526 0.00877003
0.00535479 -0.011526 0.00877003
0.00535479 -0.011526 0.00877003
0.00535479 -0.011526 0.00877003
0.00535479 -0.011526 0.00877003
0.00519995 -0.0110818 0.00915122
0.00519995 -0.0110818 0.00915122
0.00519995 -0.0110818 0.00915122
0.00519995 -0.0110818 0.00915122
0.00519995 -0.0110818 0.00915122
0.00519995 -0.0110818 0.00915122
0.00519995 -0.0110818 0.00915122
0.00519995 -0.0110818 0.00915122
0.00519995 -0.0110818 0.00915122
0.00519995 -0.0110818 0.00915122
0.00519995 -0.0110818 0.00915122
0.00519995 -0.0110818 0.00915122
0.00519995 -0.0110818 0.00915122
0.00519995 -0.0110818 0.00915122
0.00532465 -0.00856584 0.00900387
0.00532465 -0.00856584 0.00900387
0.00532465 -0.00856584 0.00900387
0.00532465 -0.00856584 0.00900387
0.00532465 -0.00856584 0.00900387
0.00532465 -0.00856584 0.00900387
0.00532465 -0.00856584 0.00900387
0.00532465 -0.00856584 0.00900387
0.00532465 -0.00856584 0.00900387
0.00532465 -0.00856584 0.00900387
0.00532465 -0.00856584 0.00900387
0.00532465 -0.00856584 0.00900387
0.00532465 -0.00856584 0.00900387
0.00532465 -0.00856584 0.00900387
0.00532465 -0.00856584 0.00900387
0.00762671 -0.00722309 0.0121607
0.00708835 -0.00801484 0.0110842
0.00708835 -0.00801484 0.0110842
0.00708835 -0.00801484 0.0110842
0.00708835 -0.00801484 0.0110842
0.00708835 -0.00801484 0.0110842
0.00708835 -0.00801484 0.0110842
0.00708835 -0.00801484 0.0110842
0.00708835 -0.00801484 0.0110842
0.00708835 -0.00801484 0.0110842
0.00708835 -0.00801484 0.0110842
0.00708835 -0.00801484 0.0110842
0.00708835 -0.00801484 0.0110842
0.00748708 -0.0118748 0.0100506
0.00698779 -0.0127421 0.00901639
0.00698779 -0.0127421 0.00901639
0.00698779 -0.0127421 0.00901639
0.00698779 -0.0127421 0.00901639
0.00698779 -0.0127421 0.00901639
0.00698779 -0.0127421 0.00901639
0.00698779 -0.0127421 0.00901639
0.00698779 -0.0127421 0.00901639
0.00698779 -0.0127421 0.00901639
0.00698779 -0.0127421 0.00901639
0.00698779 -0.0127421 0.00901639
0.00698779 -0.0127421 0.00901639
0.00698779 -0.0127421 0.00901639
0.00698779 -0.0127421 0.00901639
0.00698779 -0.0127421 0.00901639
0.00794271 -0.00884699 0.0101165
0.0082992 -0.00835301 0.0105617
0.0082992 -0.00835301 0.0105617
0.0082992 -0.00835301 0.0105617
0.0082992 -0.00835301 0.0105617
0.0082992 -0.00835301 0.0105617
0.0082992 -0.00835301 0.0105617
0.0082992 -0.00835301 0.0105617
0.0082992 -0.00835301 0.0105617
0.0082992 -0.00835301 0.0105617
0.0082992 -0.00835301 0.0105617
0.0082992 -0.00835301 0.0105617
0.0082992 -0.00835301 0.0105617
0.0082992 -0.00835301 0.0105617
0.0082992 -0.00835301 0.0105617
0.00922169 -0.00653244 0.0100576
0.00922169 -0.00653244 0.0100576
0.00922169 -0.00653244 0.0100576
0.00922169 -0.00653244 0.0100576
0.00922169 -0.00653244 0.0100576
0.00922169 -0.00653244 0.0100576
0.00922169 -0.00653244 0.0100576
0.00922169 -0.00653244 0.0100576
0.00922169 -0.00653244 0.0100576
0.00922169 -0.00653244 0.0100576
0.00922169 -0.00653244 0.0100576
0.00818538 -0.00679837 0.00861246
0.00839348 -0.00644405 0.00903261
0.00839348 -0.00644405 0.00903261
0.00839348 -0.00644405 0.00903261
0.00839348 -0.00644405 0.00903261
0.00839348 -0.00644405 0.00903261
0.00839348 -0.00644405 0.00903261
0.00839348 -0.00644405 0.00903261
0.00839348 -0.00644405 0.00903261
0.00839348 -0.00644405 0.00903261
0.00839348 -0.00644405 0.00903261
0.00839348 -0.00644405 0.00903261
0.00839348 -0.00644405 0.00903261
0.00839348 -0.00644405 0.00903261
0.00839348 -0.00644405 0.00903261
0.00822462 -0.00391463 0.0104905
0.00822462 -0.00391463 0.0104905
0.00822462 -0.00391463 0.0104905
0.00822462 -0.00391463 0.0104905
0.00822462 -0.00391463 0.0104905
0.00822462 -0.00391463 0.0104905
0.00822462 -0.00391463 0.0104905
0.00342699 -0.0105632 0.00328352
0.00342699 -0.0105632 0.00328352
0.00342699 -0.0105632 0.00328352
0.00342699 -0.0105632 0.00328352
0.00342699 -0.0105632 0.00328352
0.00342699 -0.0105632 0.00328352
0.00342699 -0.0105632 0.00328352
0.00342699 -0.0105632 0.00328352
0.00342699 -0.0105632 0.00328352
0.00342699 -0.0105632 0.00328352
0.00342699 -0.0105632 0.00328352
0.00342699 -0.0105632 0.00328352
0.00342699 -0.0105632 0.00328352
0.00735619 0.000668415 0.0102966
0.00735619 0.000668415 0.0102966
0.00735619 0.000668415 0.0102966
0.00735619 0.000668415 0.0102966
0.00735619 0.000668415 0.0102966
0.00735619 0.000668415 0.0102966
0.00735619 0.000668415 0.0102966
0.00735619 0.000668415 0.0102966
0.00735619 0.000668415 0.0102966
0.00735619 0.000668415 0.0102966
0.00735619 0.000668415 0.0102966
0.00735619 0.000668415 0.0102966
0.00669541 -0.00482996 0.00873513
0.00669541 -0.00482996 0.00873513
0.00669541 -0.00482996 0.00873513
0.00669541 -0.00482996 0.00873513
0.00669541 -0.00482996 0.00873513
0.00669541 -0.00482996 0.00873513
0.00669541 -0.00482996 0.00873513
0.00669541 -0.00482996 0.00873513
0.00669541 -0.00482996 0.00873513
0.00669541 -0.00482996 0.00873513
0.00669541 -0.00482996 0.00873513
0.00669541 -0.00482996 0.00873513
0.00669541 -0.00482996 0.00873513
0.00669541 -0.00482996 0.00873513
0.00837315 -0.00718092 0.0109349
0.00837315 -0.00718092 0.0109349
0.00837315 -0.00718092 0.0109349
0.00837315 -0.00718092 0.0109349
0.00837315 -0.00718092 0.0109349
0.00837315 -0.00718092 0.0109349
0.00837315 -0.00718092 0.0109349
0.00837315 -0.00718092 0.0109349
0.00837315 -0.00718092 0.0109349
0.00837315 -0.00718092 0.0109349
0.00837315 -0.00718092 0.0109349
0.00837315 -0.00718092 0.0109349
0.00859343 -0.0113677 0.0094967
0.00859343 -0.0113677 0.0094967
0.00871346 -0.0109099 0.0103532
0.00871346 -0.0109099 0.0103532
0.00871346 -0.0109099 0.0103532
0.00871346 -0.0109099 0.0103532
0.00871346 -0.0109099 0.0103532
0.00871346 -0.0109099 0.0103532
0.00871346 -0.0109099 0.0103532
0.00871346 -0.0109099 0.0103532
0.00871346 -0.0109099 0.0103532
0.00871346 -0.0109099 0.0103532
0.00911955 -0.0104205 0.0102604
0.00911955 -0.0104205 0.0102604
0.0093845 -0.00998868 0.010699
0.0093845 -0.00998868 0.010699
0.0093845 -0.00998868 0.010699
0.0093845 -0.00998868 0.010699
0.0093845 -0.00998868 0.010699
0.0093845 -0.00998868 0.010699
0.0093845 -0.00998868 0.010699
0.0093845 -0.00998868 0.010699
0.0093845 -0.00998868 0.010699
0.0093845 -0.00998868 0.010699
0.0093845 -0.00998868 0.010699
0.0093845 -0.00998868 0.010699
0.0093845 -0.00998868 0.010699
0.00905929 -0.00731997 0.0104643
0.00934594 -0.00679721 0.0109384
0.00934594 -0.00679721 0.0109384
0.00934594 -0.00679721 0.0109384
0.00934594 -0.00679721 0.0109384
0.00934594 -0.00679721 0.0109384
0.00934594 -0.00679721 0.0109384
0.00934594 -0.00679721 0.0109384
0.00934594 -0.00679721 0.0109384
0.00934594 -0.00679721 0.0109384
0.00934594 -0.00679721 0.0109384
0.00934594 -0.00679721 0.0109384
0.00934594 -0.00679721 0.0109384
0.00825298 -0.00655321 0.0106672
0.00825298 -0.00655321 0.0106672
0.00825298 -0.00655321 0.0106672
0.00825298 -0.00655321 0.0106672
0.00825298 -0.00655321 0.0106672
0.00825298 -0.00655321 0.0106672
0.00825298 -0.00655321 0.0106672
0.00825298 -0.00655321 0.0106672
