0.073 -0.441 -0
0.073 -0.441 -0
0.073 -0.441 -0
0.073 -0.441 -0
0.073 -0.441 -0
0.073 -0.441 -0
0.073 -0.441 -0
0.073 -0.441 -0
0.073 -0.441 -0
0.073 -0.441 -0
0.073 -0.441 -0
0.073 -0.441 -0
0.073 -0.441 -0
0.073 -0.441 -0
0.073 -0.441 -0
0.073 -0.441 -0
0.073 -0.441 -0
0.073 -0.441 -0
0.073 -0.441 -0
0.073 -0.441 -0
0.073 -0.441 -0
0.073 -0.441 -0
0.073 -0.441 -0
0.073 -0.441 -0
0.073 -0.441 -0
0.073 -0.441 -0
0.073 -0.441 -0
0.073 -0.441 -0
0.073 -0.441 -0
0.073 -0.441 -0
0.073 -0.441 -0
0.073 -0.441 -0
0.073 -0.441 -0
0.073 -0.441 -0
0.073 -0.441 -0
0.073 -0.441 -0
0.073 -0.441 -0
0.073 -0.441 -0
0.073 -0.441 -0
0.073 -0.441 -0
0.073 -0.441 -0
0.073 -0.441 -0
0.073 -0.441 -0
0.073 -0.441 -0
0.073 -0.441 -0
0.073 -0.441 -0
0.073 -0.441 -0
0.073 -0.441 -0
0.073 -0.441 -0
0.073 -0.441 -0
0.073 -0.441 -0
0.073 -0.441 -0
0.073 -0.441 -0
0.073 -0.441 -0
0.073 -0.441 -0
0.073 -0.441 -0
0.073 -0.441 -0
0.0228478 -0.0899617 -0.0856603
0.0228477 -0.0899617 -0.0856603
0.0228476 -0.0899617 -0.0856604
0.0228476 -0.0899616 -0.0856604
0.0228477 -0.0899615 -0.0856605
0.022848 -0.0899612 -0.0856607
0.0228491 -0.0899603 -0.0856606
0.0228494 -0.0899602 -0.0856604
0.0228495 -0.0899606 -0.0856601
0.0228494 -0.0899609 -0.08566
0.0228494 -0.0899609 -0.08566
0.0228494 -0.0899609 -0.08566
0.0228493 -0.0899613 -0.08566
0.0228493 -0.0899613 -0.08566
0.0228493 -0.0899613 -0.08566
0.0228493 -0.0899613 -0.08566
0.0228493 -0.0899613 -0.08566
0.0228493 -0.0899613 -0.08566
0.0228493 -0.0899613 -0.08566
0.0228493 -0.0899613 -0.08566
0.0228493 -0.0899613 -0.08566
0.0228493 -0.0899613 -0.08566
0.0228493 -0.0899613 -0.08566
0.0228493 -0.0899613 -0.08566
0.0228464 -0.089962 -0.08566
0.022846 -0.0899624 -0.08566
0.022846 -0.0899624 -0.08566
0.022846 -0.0899624 -0.08566
0.022846 -0.0899624 -0.08566
0.022846 -0.0899624 -0.08566
0.022846 -0.0899624 -0.08566
0.022846 -0.0899624 -0.08566
0.022846 -0.0899624 -0.08566
0.022846 -0.0899624 -0.08566
0.022846 -0.0899624 -0.08566
0.022846 -0.0899624 -0.08566
0.022846 -0.0899624 -0.08566
0.022846 -0.0899624 -0.08566
0.022846 -0.0899624 -0.08566
0.0229266 -0.0898998 -0.0854917
0.0229266 -0.0898998 -0.0854917
0.0229266 -0.0898998 -0.0854917
0.0229266 -0.0898998 -0.0854917
0.0229266 -0.0898998 -0.0854917
0.0229266 -0.0898998 -0.0854917
0.0229266 -0.0898998 -0.0854917
0.0229266 -0.0898998 -0.0854917
0.0229266 -0.0898998 -0.0854917
0.0229266 -0.0898998 -0.0854917
0.0229266 -0.0898998 -0.0854917
0.0232293 -0.0906234 -0.0846198
0.0232293 -0.0906234 -0.0846198
0.0232293 -0.0906234 -0.0846198
0.0232293 -0.0906234 -0.0846198
0.0232293 -0.0906234 -0.0846198
0.0232293 -0.0906234 -0.0846198
0.0232293 -0.0906234 -0.0846198
0.0232293 -0.0906234 -0.0846198
0.0232293 -0.0906234 -0.0846198
0.0232293 -0.0906234 -0.0846198
0.0232293 -0.0906234 -0.0846198
0.0232293 -0.0906234 -0.0846198
0.0232293 -0.0906234 -0.0846198
0.0232293 -0.0906234 -0.0846198
0.0229504 -0.0921871 -0.0847852
0.0229504 -0.0921871 -0.0847852
0.0229504 -0.0921871 -0.0847852
0.0229504 -0.0921871 -0.0847852
0.0229504 -0.0921871 -0.0847852
0.0229504 -0.0921871 -0.0847852
0.0229504 -0.0921871 -0.0847852
0.0229504 -0.0921871 -0.0847852
0.0229504 -0.0921871 -0.0847852
0.0229504 -0.0921871 -0.0847852
0.0229504 -0.0921871 -0.0847852
0.0229504 -0.0921871 -0.0847852
0.0232966 -0.0930167 -0.0845391
0.0233291 -0.0930076 -0.0845252
0.0233291 -0.0930076 -0.0845252
0.0233291 -0.0930076 -0.0845252
0.0233291 -0.0930076 -0.0845252
0.0233291 -0.0930076 -0.0845252
0.0233291 -0.0930076 -0.0845252
0.0233291 -0.0930076 -0.0845252
0.0233291 -0.0930076 -0.0845252
0.0233291 -0.0930076 -0.0845252
0.0233291 -0.0930076 -0.0845252
0.0233291 -0.0930076 -0.0845252
0.0233291 -0.0930076 -0.0845252
0.0233291 -0.0930076 -0.0845252
0.0233291 -0.0930076 -0.0845252
0.0233291 -0.0930076 -0.0845252
0.0239993 -0.092452 -0.0842503
0.0239993 -0.092452 -0.0842503
0.0239993 -0.092452 -0.0842503
0.0239993 -0.092452 -0.0842503
0.0239993 -0.092452 -0.0842503
0.0239993 -0.092452 -0.0842503
0.0239993 -0.092452 -0.0842503
0.0239993 -0.092452 -0.0842503
0.0239993 -0.092452 -0.0842503
0.0239993 -0.092452 -0.0842503
0.0239993 -0.092452 -0.0842503
0.0239993 -0.092452 -0.0842503
0.0246433 -0.091614 -0.0838629
0.0246433 -0.091614 -0.0838629
0.0246433 -0.091614 -0.0838629
0.0246433 -0.091614 -0.0838629
0.0246433 -0.091614 -0.0838629
0.0246433 -0.091614 -0.0838629
0.0246433 -0.091614 -0.0838629
0.0246433 -0.091614 -0.0838629
0.0246433 -0.091614 -0.0838629
0.0246433 -0.091614 -0.0838629
0.0246433 -0.091614 -0.0838629
0.0246257 -0.0916966 -0.0836019
0.02461 -0.0917294 -0.0835915
0.02461 -0.0917294 -0.0835915
0.02461 -0.0917294 -0.0835915
0.02461 -0.0917294 -0.0835915
0.02461 -0.0917294 -0.0835915
0.02461 -0.0917294 -0.0835915
0.02461 -0.0917294 -0.0835915
0.02461 -0.0917294 -0.0835915
0.02461 -0.0917294 -0.0835915
0.02461 -0.0917294 -0.0835915
0.02461 -0.0917294 -0.0835915
0.02461 -0.0917294 -0.0835915
0.0241409 -0.0927527 -0.0834056
0.0241409 -0.0927527 -0.0834056
0.0241409 -0.0927527 -0.0834056
0.0241409 -0.0927527 -0.0834056
0.0241409 -0.0927527 -0.0834056
0.0241409 -0.0927527 -0.0834056
0.0241409 -0.0927527 -0.0834056
0.0241409 -0.0927527 -0.0834056
0.0241409 -0.0927527 -0.0834056
0.0241409 -0.0927527 -0.0834056
0.0241409 -0.0927527 -0.0834056
0.0241409 -0.0927527 -0.0834056
0.0241409 -0.0927527 -0.0834056
0.0241409 -0.0927527 -0.0834056
0.0238747 -0.0937609 -0.0832562
0.0238747 -0.0937609 -0.0832562
0.0238747 -0.0937609 -0.0832562
0.0238747 -0.0937609 -0.0832562
0.0238747 -0.0937609 -0.0832562
0.0238747 -0.0937609 -0.0832562
0.0238747 -0.0937609 -0.0832562
0.0238747 -0.0937609 -0.0832562
0.0238747 -0.0937609 -0.0832562
0.0238747 -0.0937609 -0.0832562
0.0238747 -0.0937609 -0.0832562
0.0241843 -0.0940567 -0.0829422
0.0242096 -0.0940618 -0.0829284
0.0242096 -0.0940618 -0.0829284
0.0242096 -0.0940618 -0.0829284
0.0242096 -0.0940618 -0.0829284
0.0242096 -0.0940618 -0.0829284
0.0242096 -0.0940618 -0.0829284
0.0242096 -0.0940618 -0.0829284
0.0242096 -0.0940618 -0.0829284
0.0242096 -0.0940618 -0.0829284
0.0242096 -0.0940618 -0.0829284
0.0242096 -0.0940618 -0.0829284
0.0242096 -0.0940618 -0.0829284
0.0242096 -0.0940618 -0.0829284
0.0242096 -0.0940618 -0.0829284
0.0247821 -0.0940164 -0.0826333
0.0247821 -0.0940164 -0.0826333
0.0247821 -0.0940164 -0.0826333
0.0247821 -0.0940164 -0.0826333
0.0247821 -0.0940164 -0.0826333
0.0247821 -0.0940164 -0.0826333
0.0247821 -0.0940164 -0.0826333
0.0247821 -0.0940164 -0.0826333
0.0247821 -0.0940164 -0.0826333
0.0247821 -0.0940164 -0.0826333
0.0247821 -0.0940164 -0.0826333
0.0247821 -0.0940164 -0.0826333
0.0250987 -0.0940925 -0.0823564
0.0251083 -0.0941068 -0.0823406
0.0251083 -0.0941068 -0.0823406
0.0251083 -0.0941068 -0.0823406
0.0251083 -0.0941068 -0.0823406
0.0251083 -0.0941068 -0.0823406
0.0251083 -0.0941068 -0.0823406
0.0251083 -0.0941068 -0.0823406
0.0251083 -0.0941068 -0.0823406
0.0251083 -0.0941068 -0.0823406
0.0251083 -0.0941068 -0.0823406
0.0251083 -0.0941068 -0.0823406
0.0251083 -0.0941068 -0.0823406
0.0251083 -0.0941068 -0.0823406
0.0251083 -0.0941068 -0.0823406
0.0251083 -0.0941068 -0.0823406
0.0251546 -0.0946617 -0.0820522
0.0251546 -0.0946617 -0.0820522
0.0251546 -0.0946617 -0.0820522
0.0251546 -0.0946617 -0.0820522
0.0251546 -0.0946617 -0.0820522
0.0251546 -0.0946617 -0.0820522
0.0251546 -0.0946617 -0.0820522
0.0251546 -0.0946617 -0.0820522
0.0251546 -0.0946617 -0.0820522
0.0251546 -0.0946617 -0.0820522
0.0251546 -0.0946617 -0.0820522
0.0251546 -0.0946617 -0.0820522
0.0251814 -0.0952882 -0.0817538
0.0251814 -0.0952882 -0.0817538
0.0251858 -0.0953196 -0.0817381
0.0251858 -0.0953196 -0.0817381
0.0251858 -0.0953196 -0.0817381
0.0251858 -0.0953196 -0.0817381
0.0251858 -0.0953196 -0.0817381
0.0251858 -0.0953196 -0.0817381
0.0251858 -0.0953196 -0.0817381
0.0251858 -0.0953196 -0.0817381
0.0251858 -0.0953196 -0.0817381
0.0251858 -0.0953196 -0.0817381
0.0251858 -0.0953196 -0.0817381
0.0251858 -0.0953196 -0.0817381
0.0251858 -0.0953196 -0.0817381
0.0251858 -0.0953196 -0.0817381
0.0254179 -0.0958596 -0.0813742
0.0254179 -0.0958596 -0.0813742
0.0254179 -0.0958596 -0.0813742
0.0254179 -0.0958596 -0.0813742
0.0254179 -0.0958596 -0.0813742
0.0254179 -0.0958596 -0.0813742
0.0254179 -0.0958596 -0.0813742
0.0254179 -0.0958596 -0.0813742
0.0254179 -0.0958596 -0.0813742
0.0254179 -0.0958596 -0.0813742
0.0254179 -0.0958596 -0.0813742
0.0254179 -0.0958596 -0.0813742
0.0254179 -0.0958596 -0.0813742
0.0254179 -0.0958596 -0.0813742
0.0257207 -0.0961321 -0.0810771
0.0257207 -0.0961321 -0.0810771
0.0257207 -0.0961321 -0.0810771
0.0257207 -0.0961321 -0.0810771
0.0257207 -0.0961321 -0.0810771
0.0257207 -0.0961321 -0.0810771
0.0257207 -0.0961321 -0.0810771
0.0257207 -0.0961321 -0.0810771
0.0257207 -0.0961321 -0.0810771
0.0257207 -0.0961321 -0.0810771
0.0257207 -0.0961321 -0.0810771
0.0257207 -0.0961321 -0.0810771
0.0257207 -0.0961321 -0.0810771
0.0257207 -0.0961321 -0.0810771
0.0259873 -0.0963483 -0.0807627
0.0259873 -0.0963483 -0.0807627
0.0259873 -0.0963483 -0.0807627
0.0259873 -0.0963483 -0.0807627
0.0259873 -0.0963483 -0.0807627
0.0259873 -0.0963483 -0.0807627
0.0259873 -0.0963483 -0.0807627
0.0259873 -0.0963483 -0.0807627
0.0259873 -0.0963483 -0.0807627
0.0259873 -0.0963483 -0.0807627
0.0259873 -0.0963483 -0.0807627
0.0259873 -0.0963483 -0.0807627
0.0261318 -0.0968215 -0.0804941
0.0261318 -0.0968215 -0.0804941
0.0261318 -0.0968215 -0.0804941
0.0261318 -0.0968215 -0.0804941
0.0261318 -0.0968215 -0.0804941
0.0261318 -0.0968215 -0.0804941
0.0261318 -0.0968215 -0.0804941
0.0261318 -0.0968215 -0.0804941
0.0261318 -0.0968215 -0.0804941
0.0261318 -0.0968215 -0.0804941
0.0261318 -0.0968215 -0.0804941
0.0261318 -0.0968215 -0.0804941
0.0261318 -0.0968215 -0.0804941
0.0262573 -0.0971307 -0.080187
0.0262652 -0.0971462 -0.08017
0.0262652 -0.0971462 -0.08017
0.0262652 -0.0971462 -0.08017
0.0262652 -0.0971462 -0.08017
0.0262652 -0.0971462 -0.08017
0.0262652 -0.0971462 -0.08017
0.0262652 -0.0971462 -0.08017
0.0262652 -0.0971462 -0.08017
0.0262652 -0.0971462 -0.08017
0.0262652 -0.0971462 -0.08017
0.0262652 -0.0971462 -0.08017
0.0262652 -0.0971462 -0.08017
0.0262652 -0.0971462 -0.08017
0.0264314 -0.0974407 -0.0798947
0.0264434 -0.0974502 -0.079879
0.0264434 -0.0974502 -0.079879
0.0264434 -0.0974502 -0.079879
0.0264434 -0.0974502 -0.079879
0.0264434 -0.0974502 -0.079879
0.0264434 -0.0974502 -0.079879
0.0264434 -0.0974502 -0.079879
0.0264434 -0.0974502 -0.079879
0.0264434 -0.0974502 -0.079879
0.0264434 -0.0974502 -0.079879
0.0264434 -0.0974502 -0.079879
0.0266972 -0.0975976 -0.0796131
0.0266972 -0.0975976 -0.0796131
0.0266972 -0.0975976 -0.0796131
0.0266972 -0.0975976 -0.0796131
0.0266972 -0.0975976 -0.0796131
0.0266972 -0.0975976 -0.0796131
0.0266972 -0.0975976 -0.0796131
0.0266972 -0.0975976 -0.0796131
0.0266972 -0.0975976 -0.0796131
0.0266972 -0.0975976 -0.0796131
0.0266972 -0.0975976 -0.0796131
0.0266972 -0.0975976 -0.0796131
0.0266972 -0.0975976 -0.0796131
0.0266972 -0.0975976 -0.0796131
0.0266972 -0.0975976 -0.0796131
0.0268841 -0.0976766 -0.0794358
0.0268841 -0.0976766 -0.0794358
0.0268841 -0.0976766 -0.0794358
0.0268841 -0.0976766 -0.0794358
0.0268841 -0.0976766 -0.0794358
0.0268841 -0.0976766 -0.0794358
0.0268841 -0.0976766 -0.0794358
0.0268841 -0.0976766 -0.0794358
0.0268841 -0.0976766 -0.0794358
0.0268841 -0.0976766 -0.0794358
0.0268841 -0.0976766 -0.0794358
0.0268841 -0.0976766 -0.0794358
0.0268841 -0.0976766 -0.0794358
0.0273657 -0.0979708 -0.0789594
0.0273806 -0.0979865 -0.078942
0.0273806 -0.0979865 -0.078942
0.0273806 -0.0979865 -0.078942
0.0273806 -0.0979865 -0.078942
0.0273806 -0.0979865 -0.078942
0.0273806 -0.0979865 -0.078942
0.0273806 -0.0979865 -0.078942
0.0273806 -0.0979865 -0.078942
0.0273806 -0.0979865 -0.078942
0.0273806 -0.0979865 -0.078942
0.0273806 -0.0979865 -0.078942
0.0273806 -0.0979865 -0.078942
0.0273806 -0.0979865 -0.078942
0.0273806 -0.0979865 -0.078942
0.0275621 -0.0983135 -0.0787164
0.0275621 -0.0983135 -0.0787164
0.0275621 -0.0983135 -0.0787164
0.0275621 -0.0983135 -0.0787164
0.0275621 -0.0983135 -0.0787164
0.0275621 -0.0983135 -0.0787164
0.0275621 -0.0983135 -0.0787164
0.0275621 -0.0983135 -0.0787164
0.0275621 -0.0983135 -0.0787164
0.0275621 -0.0983135 -0.0787164
0.0275621 -0.0983135 -0.0787164
0.0278131 -0.0987605 -0.0783207
0.0278241 -0.0987832 -0.0783027
0.0278241 -0.0987832 -0.0783027
0.0278241 -0.0987832 -0.0783027
0.0278241 -0.0987832 -0.0783027
0.0278241 -0.0987832 -0.0783027
0.0278241 -0.0987832 -0.0783027
0.0278241 -0.0987832 -0.0783027
0.0278241 -0.0987832 -0.0783027
0.0278241 -0.0987832 -0.0783027
0.0278241 -0.0987832 -0.0783027
0.0278241 -0.0987832 -0.0783027
0.0278241 -0.0987832 -0.0783027
0.0278241 -0.0987832 -0.0783027
0.0279924 -0.0991809 -0.0780089
0.0279924 -0.0991809 -0.0780089
0.0279924 -0.0991809 -0.0780089
0.0279924 -0.0991809 -0.0780089
0.0279924 -0.0991809 -0.0780089
0.0279924 -0.0991809 -0.0780089
0.0279924 -0.0991809 -0.0780089
0.0279924 -0.0991809 -0.0780089
0.0279924 -0.0991809 -0.0780089
0.0279924 -0.0991809 -0.0780089
0.0279924 -0.0991809 -0.0780089
0.0279924 -0.0991809 -0.0780089
0.0279924 -0.0991809 -0.0780089
0.0279924 -0.0991809 -0.0780089
0.0282306 -0.0996461 -0.0776034
0.0282306 -0.0996461 -0.0776034
0.0282306 -0.0996461 -0.0776034
0.0282306 -0.0996461 -0.0776034
0.0282306 -0.0996461 -0.0776034
0.0282306 -0.0996461 -0.0776034
0.0282306 -0.0996461 -0.0776034
0.0282306 -0.0996461 -0.0776034
0.0282306 -0.0996461 -0.0776034
0.0282306 -0.0996461 -0.0776034
0.0282306 -0.0996461 -0.0776034
0.0282306 -0.0996461 -0.0776034
0.0282306 -0.0996461 -0.0776034
0.0282306 -0.0996461 -0.0776034
0.0282306 -0.0996461 -0.0776034
0.0284649 -0.0999956 -0.0772397
0.0284793 -0.100011 -0.077217
0.0284793 -0.100011 -0.077217
0.0284793 -0.100011 -0.077217
0.0284793 -0.100011 -0.077217
0.0284793 -0.100011 -0.077217
0.0284793 -0.100011 -0.077217
0.0284793 -0.100011 -0.077217
0.0284793 -0.100011 -0.077217
0.0284793 -0.100011 -0.077217
0.0284793 -0.100011 -0.077217
0.0284793 -0.100011 -0.077217
0.0284793 -0.100011 -0.077217
0.0287421 -0.100384 -0.0768451
0.0287564 -0.100409 -0.0768265
0.0287564 -0.100409 -0.0768265
0.0287564 -0.100409 -0.0768265
0.0287564 -0.100409 -0.0768265
0.0287564 -0.100409 -0.0768265
0.0287564 -0.100409 -0.0768265
0.0287564 -0.100409 -0.0768265
0.0287564 -0.100409 -0.0768265
0.0287564 -0.100409 -0.0768265
0.0287564 -0.100409 -0.0768265
0.0287564 -0.100409 -0.0768265
0.0287564 -0.100409 -0.0768265
0.0287564 -0.100409 -0.0768265
0.0287564 -0.100409 -0.0768265
0.0287564 -0.100409 -0.0768265
0.0290606 -0.100963 -0.0764347
0.0290775 -0.100979 -0.0764131
0.0290775 -0.100979 -0.0764131
0.0290775 -0.100979 -0.0764131
0.0290775 -0.100979 -0.0764131
0.0290775 -0.100979 -0.0764131
0.0290775 -0.100979 -0.0764131
0.0290775 -0.100979 -0.0764131
0.0290775 -0.100979 -0.0764131
0.0290775 -0.100979 -0.0764131
0.0290775 -0.100979 -0.0764131
0.0290775 -0.100979 -0.0764131
0.0290775 -0.100979 -0.0764131
0.0290775 -0.100979 -0.0764131
0.0290775 -0.100979 -0.0764131
0.0294099 -0.10126 -0.0760381
0.0294099 -0.10126 -0.0760381
0.0294099 -0.10126 -0.0760381
0.0294099 -0.10126 -0.0760381
0.0294099 -0.10126 -0.0760381
0.0294099 -0.10126 -0.0760381
0.0294099 -0.10126 -0.0760381
0.0294099 -0.10126 -0.0760381
0.0294099 -0.10126 -0.0760381
0.0294099 -0.10126 -0.0760381
0.0294099 -0.10126 -0.0760381
0.0297056 -0.101487 -0.0757355
0.0297219 -0.1015 -0.0757183
0.0297219 -0.1015 -0.0757183
0.0297219 -0.1015 -0.0757183
0.0297219 -0.1015 -0.0757183
0.0297219 -0.1015 -0.0757183
0.0297219 -0.1015 -0.0757183
0.0297219 -0.1015 -0.0757183
0.0297219 -0.1015 -0.0757183
0.0297219 -0.1015 -0.0757183
0.0297219 -0.1015 -0.0757183
0.0297219 -0.1015 -0.0757183
0.0297219 -0.1015 -0.0757183
0.0297219 -0.1015 -0.0757183
0.0297219 -0.1015 -0.0757183
0.0300163 -0.101796 -0.0754063
0.0300163 -0.101796 -0.0754063
0.0300163 -0.101796 -0.0754063
0.0300163 -0.101796 -0.0754063
0.0300163 -0.101796 -0.0754063
0.0300163 -0.101796 -0.0754063
0.0300163 -0.101796 -0.0754063
0.0302884 -0.102009 -0.0750653
0.0302884 -0.102009 -0.0750653
0.0302884 -0.102009 -0.0750653
0.0302884 -0.102009 -0.0750653
0.0302884 -0.102009 -0.0750653
0.0302884 -0.102009 -0.0750653
0.0302884 -0.102009 -0.0750653
0.0302884 -0.102009 -0.0750653
0.0302884 -0.102009 -0.0750653
0.0302884 -0.102009 -0.0750653
0.0302884 -0.102009 -0.0750653
0.0302884 -0.102009 -0.0750653
0.0302884 -0.102009 -0.0750653
0.0304476 -0.102212 -0.0748722
0.0304476 -0.102212 -0.0748722
0.0304476 -0.102212 -0.0748722
0.0304476 -0.102212 -0.0748722
0.0304476 -0.102212 -0.0748722
0.0304476 -0.102212 -0.0748722
0.0304476 -0.102212 -0.0748722
0.0304476 -0.102212 -0.0748722
0.0304476 -0.102212 -0.0748722
0.0304476 -0.102212 -0.0748722
0.0304476 -0.102212 -0.0748722
0.0304476 -0.102212 -0.0748722
0.0307173 -0.102296 -0.0745093
0.0307173 -0.102296 -0.0745093
0.0307173 -0.102296 -0.0745093
0.0307173 -0.102296 -0.0745093
0.0307173 -0.102296 -0.0745093
0.0307173 -0.102296 -0.0745093
0.0307173 -0.102296 -0.0745093
0.0307173 -0.102296 -0.0745093
0.0307173 -0.102296 -0.0745093
0.0307173 -0.102296 -0.0745093
0.0307173 -0.102296 -0.0745093
0.0307173 -0.102296 -0.0745093
0.0307173 -0.102296 -0.0745093
0.0307173 -0.102296 -0.0745093
0.030978 -0.102568 -0.0741718
0.030978 -0.102568 -0.0741718
0.030978 -0.102568 -0.0741718
0.030978 -0.102568 -0.0741718
0.030978 -0.102568 -0.0741718
0.030978 -0.102568 -0.0741718
0.030978 -0.102568 -0.0741718
0.030978 -0.102568 -0.0741718
0.030978 -0.102568 -0.0741718
0.030978 -0.102568 -0.0741718
0.030978 -0.102568 -0.0741718
0.030978 -0.102568 -0.0741718
0.0312818 -0.102955 -0.0737969
0.0312818 -0.102955 -0.0737969
0.0312987 -0.102978 -0.0737773
0.0312987 -0.102978 -0.0737773
0.0312987 -0.102978 -0.0737773
0.0312987 -0.102978 -0.0737773
0.0312987 -0.102978 -0.0737773
0.0312987 -0.102978 -0.0737773
0.0312987 -0.102978 -0.0737773
0.0312987 -0.102978 -0.0737773
0.0312987 -0.102978 -0.0737773
0.0312987 -0.102978 -0.0737773
0.0316173 -0.103374 -0.0734027
0.0316173 -0.103374 -0.0734027
0.0316355 -0.103394 -0.0733823
0.0316355 -0.103394 -0.0733823
0.0316355 -0.103394 -0.0733823
0.0316355 -0.103394 -0.0733823
0.0316355 -0.103394 -0.0733823
0.0316355 -0.103394 -0.0733823
0.0316355 -0.103394 -0.0733823
0.0316355 -0.103394 -0.0733823
0.0316355 -0.103394 -0.0733823
0.0316355 -0.103394 -0.0733823
0.0316355 -0.103394 -0.0733823
0.0316355 -0.103394 -0.0733823
0.0316355 -0.103394 -0.0733823
0.0320058 -0.103788 -0.0729661
0.0320239 -0.103803 -0.0729451
0.0320239 -0.103803 -0.0729451
0.0320239 -0.103803 -0.0729451
0.0320239 -0.103803 -0.0729451
0.0320239 -0.103803 -0.0729451
0.0320239 -0.103803 -0.0729451
0.0320239 -0.103803 -0.0729451
0.0320239 -0.103803 -0.0729451
0.0320239 -0.103803 -0.0729451
0.0320239 -0.103803 -0.0729451
0.0320239 -0.103803 -0.0729451
0.0320239 -0.103803 -0.0729451
0.0323261 -0.104051 -0.0725828
0.0323261 -0.104051 -0.0725828
0.0323261 -0.104051 -0.0725828
0.0323261 -0.104051 -0.0725828
0.0323261 -0.104051 -0.0725828
0.0323261 -0.104051 -0.0725828
0.0323261 -0.104051 -0.0725828
0.0323261 -0.104051 -0.0725828
